{"mixed_ancestry_topics": [[0.014691802281642847, 0.030716773833107242, 0.1265794806514261, 0.045322464006194364, 0.761730561444519, 0.020958917783110435], [0.021897763410384876, 0.05277228821443818, 0.1112031483453529, 0.07808875878223645, 0.6440608583755556, 0.09197718287203206], [0.030840655138938085, 0.053302951316097524, 0.11200574026027961, 0.0823379604130504, 0.5911891125199107, 0.1303235803517236], [0.056550764966998825, 0.04435081954708004, 0.10886452859038757, 0.059987461669734995, 0.5944066513211177, 0.1358397739046809], [0.03980942996717732, 0.10496157351074585, 0.07148782648320424, 0.0676443311231184, 0.3838956693050227, 0.3322011696107314], [0.03167691437952506, 0.08186636926987684, 0.11283526689126397, 0.09442965543871597, 0.5099119648777521, 0.16927982914286596], [0.06101176191543468, 0.0831154541880748, 0.08627014248271386, 0.0730205528963987, 0.34710788551879407, 0.34947420299858395], [0.03680206468251415, 0.08538600796497317, 0.0814466187025624, 0.08904762838525544, 0.5404003677651599, 0.1669173124995349], [0.04644256401765144, 0.10430317137606687, 0.09565182935433482, 0.07987206203875111, 0.42437479967207614, 0.24935557354111954], [0.03198100409167202, 0.10021135980480678, 0.05324771587653145, 0.09450485972421031, 0.4018295610397455, 0.3182254994630341], [0.07138505821646121, 0.12211052395373975, 0.05955563868352406, 0.11312392700870438, 0.29894610084696505, 0.3348787512906055], [0.02375837920511567, 0.08970940859116909, 0.057907351535481745, 0.09314359929545697, 0.5441759115642434, 0.19130534980853314], [0.05419596650207926, 0.09004056561910691, 0.06864104414071338, 0.09775622120216457, 0.42553401283805764, 0.26383218969787814], [0.017101552409301696, 0.06332653506840234, 0.11607811484149518, 0.07826580364235067, 0.5856551028155093, 0.1395728912229408], [0.03249709810220223, 0.06525530223298313, 0.09854065907584976, 0.07857897907160888, 0.5847884630183844, 0.14033949849897157], [0.02085660466712794, 0.032637350813661356, 0.13841218077167936, 0.044929580519330686, 0.7547736266657072, 0.008390656562493479], [0.12191199026388354, 0.08112506558178142, 0.10487294229001273, 0.115749704989647, 0.2781309025836697, 0.29820939429100557], [0.026467196384010124, 0.11681060684585658, 0.06037500035234423, 0.12080678646624497, 0.3117252497962206, 0.36381516015532356], [0.01987381992143789, 0.08270008168132553, 0.049478612841893595, 0.07813631686504237, 0.5667166974094663, 0.20309447128083433], [0.01714661310998608, 0.12069530849012726, 0.04752153372393271, 0.09000659640066959, 0.37711183287532307, 0.3475181153999613], [0.04287332791700955, 0.07105479517366252, 0.09480856764403692, 0.07319912525588869, 0.39552851045361587, 0.3225356735557864], [0.03828620172568969, 0.06043326188287194, 0.09246253322532576, 0.08684427062739698, 0.47107266751643184, 0.2509010650222837], [0.02544581151993872, 0.09484284489117935, 0.0678891950443397, 0.07104526593329974, 0.36657932304332197, 0.37419755956792056], [0.014785679737817688, 0.101731880050765, 0.042858524906614875, 0.09515044061721087, 0.42996012843304904, 0.3155133462545425], [0.04397677335234721, 0.09245444109667256, 0.06517988289479296, 0.09678006555308505, 0.4141399535646969, 0.28746888353840544], [0.040484394862798485, 0.068557438282631, 0.09489555302115048, 0.07236537890943258, 0.5241185397908177, 0.19957869513316973], [0.035098463798145844, 0.08722884816259416, 0.08902135928583836, 0.0709812133011644, 0.40564722004710196, 0.31202289540515527], [0.010469971974246947, 0.1273461761767926, 0.015204195484691882, 0.08474846877374564, 0.20947131126463678, 0.5527598763258861], [0.00458565907193776, 0.13252183407715565, 0.014975053019065107, 0.10176521891865414, 0.14405702744708648, 0.6020952074661009], [0.02981503081970605, 0.16790031033650082, 0.010633868015317191, 0.07605845389373893, 0.0541971845059972, 0.6613951524287398], [0.002718562109489424, 0.19123962792592003, 0.0028108314403447435, 0.09285457104606186, 0.026849512435838597, 0.6835268950423453], [0.022401060318226446, 0.07729829059962799, 0.06641744356551195, 0.07597428405001838, 0.3709477827759378, 0.38696113869067744], [0.02681236272198271, 0.15348726436214088, 0.022495304621390877, 0.13393276655215922, 0.068914111044754, 0.5943581906975725], [0.014945355341925117, 0.12546967669159836, 0.030643922574933, 0.11255802437863476, 0.2036547833202033, 0.5127282376927054], [0.007167832112923322, 0.15699083494138333, 0.00758372336753546, 0.10314380022200857, 0.11580838163521366, 0.6093054277209357], [0.06402506171478976, 0.11130481063156643, 0.04894988634436638, 0.09201590065176161, 0.28045027527534605, 0.4032540653821697], [0.02037548296468651, 0.08790320851197135, 0.06527492910247701, 0.10850719332834328, 0.3436820677251298, 0.37425711836739195], [0.025089835899419457, 0.09920613129489309, 0.05426978306410227, 0.16162463781544245, 0.4246922756903881, 0.23511733623575456], [0.036330376607636515, 0.07551793135982882, 0.0994549951453327, 0.09750873972267102, 0.4802773655895247, 0.21091059157500616], [0.0332222252101295, 0.09932011502970906, 0.07069404631574762, 0.07656452066229134, 0.41904678980386045, 0.301152302978262], [0.04970633490511197, 0.15027216653132786, 0.04070549836787137, 0.10376854872377626, 0.21486941388803552, 0.44067803758387714], [0.040338835198999695, 0.09901530859213446, 0.09262768147081525, 0.11678538265339632, 0.3996831803617063, 0.251549611722948], [0.01151789674134695, 0.12779753797664806, 0.018971533214266718, 0.11451865113032297, 0.16458576432552802, 0.5626086166118873], [0.02460403230041256, 0.09657710316993767, 0.05680681040268454, 0.11534036301436887, 0.23510043877085215, 0.47157125234174413], [0.0438557836833585, 0.08990105941831808, 0.0612166012945703, 0.10208799556544412, 0.39709233869363486, 0.30584622134467393], [0.04573449447181625, 0.09186121004266513, 0.06533106696452996, 0.10572741577014308, 0.3663746465777064, 0.32497116617313926], [0.07309691926310924, 0.06712441979719155, 0.09866160789662153, 0.10154052892295677, 0.3929116451253789, 0.26666487899474195], [0.03416331004286716, 0.11465814770687593, 0.08093223758291594, 0.11108680395888106, 0.3255049418881125, 0.3336545588203473], [0.021966846570838403, 0.12288262246399671, 0.031896263754617536, 0.1315917402891108, 0.2758769641078537, 0.41578556281358287], [0.04182927856918728, 0.08465336175466749, 0.050654417542788814, 0.09295663969348404, 0.42183015157160797, 0.3080761508682643], [0.044035696664674634, 0.0795826421920667, 0.12145234302093365, 0.10428143174824125, 0.39596182849357886, 0.25468605788050486], [0.056527586823977, 0.0919979955999139, 0.11253891549795714, 0.09048684852468017, 0.3929546629707047, 0.2554939905827671], [0.0397290903446314, 0.0871602097003691, 0.06582175659786943, 0.08656820560452701, 0.44920418655896466, 0.2715165511936385], [0.03594672627793054, 0.05992936400878984, 0.10368914904441473, 0.08252160392124762, 0.5912405247341829, 0.1266726320134345], [0.04109483811483928, 0.0675611330228089, 0.10966744893129264, 0.07107002659301036, 0.5535946000881486, 0.15701195324990014], [0.04947344197565194, 0.07545937978291925, 0.06657698933243386, 0.11522216259980989, 0.39724078687460596, 0.2960272394345792], [0.020513573004986258, 0.13414319037759517, 0.019019586573876555, 0.1269877971434466, 0.20665370460425225, 0.4926821482958433], [0.0825142577905918, 0.12337792049963721, 0.05427101472567984, 0.11605916873071716, 0.1837527047809438, 0.4400249334724302], [0.04900850751432489, 0.12278931307716455, 0.06601400986573219, 0.0961345164875755, 0.36549177127665844, 0.3005618817785445], [0.02703605030077652, 0.09144647228541115, 0.05398507971238023, 0.0851761389628665, 0.3681201273944719, 0.3742361313440938], [0.0663862435806375, 0.05665263270246266, 0.10298857472590711, 0.10590826720270223, 0.39435687996497687, 0.27370740182331377], [0.02635959378824381, 0.06190514841472948, 0.0989320851038796, 0.08635177784592285, 0.512092879645366, 0.2143585152018584], [0.025243006050246264, 0.05138188023272373, 0.098663460137808, 0.08389365034695939, 0.6307633447509785, 0.11005465848128423], [0.03924850847004357, 0.05592207413792012, 0.07868260603541158, 0.11359779732075986, 0.43824332486268114, 0.27430568917318376]], "full_data_topics": [[0.6003950387866722, 0.015655586712969606, 0.318974612071386, 0.03263885563010586, 0.025251179125670275, 0.007084727673196196], [0.5400913792283756, 0.02006838860553062, 0.33620172969687706, 0.04548492976108819, 0.05091095848339981, 0.007242614224728812], [0.6273720052638898, 0.011940784610672427, 0.3051935560140155, 0.03121075853153053, 0.02159639247211261, 0.0026865031077791066], [0.6005756321248008, 0.01483044104548674, 0.32067042533093093, 0.035685853339175067, 0.023632541700127525, 0.004605106459478857], [0.6390384893666746, 0.01751970109479605, 0.2661200362355861, 0.04273572678927305, 0.0288283593093778, 0.005757687204292253], [0.5721646674363401, 0.019263652631258312, 0.33420948591281857, 0.04787345973811526, 0.02207113267427971, 0.004417601607188005], [0.621339646292845, 0.022879071491989603, 0.270867844209062, 0.04360881603812502, 0.036536368934979586, 0.004768253032998742], [0.6734146963345622, 0.012620505028373374, 0.2595702006806908, 0.031178749600758292, 0.019187927905785707, 0.004027920449829701], [0.6715522674448001, 0.010583637650078364, 0.25306067290783363, 0.025563628245535767, 0.03334132319127504, 0.005898470560477074], [0.5654712148654456, 0.01705286127524627, 0.35458815875338734, 0.03511076344289903, 0.022687681495557506, 0.005089320167464369], [0.5185558067492384, 0.018619448676173236, 0.3641446784944338, 0.039595195494622704, 0.05325662765245718, 0.005828242933074663], [0.613575138373084, 0.01786717369479013, 0.27930851748626867, 0.048860456629942865, 0.03310001137894274, 0.007288702436971814], [0.6214035568692505, 0.01281860889013011, 0.309848374638792, 0.02814110799276211, 0.023483180363211578, 0.0043051712458536855], [0.5335580149210124, 0.014738317309275653, 0.3939640136434237, 0.03951533698373626, 0.013703859566081868, 0.004520457576470095], [0.6020818642247014, 0.015229646947950487, 0.30917060353965264, 0.03896136821804803, 0.030485826421307715, 0.004070690648339589], [0.5402238470140933, 0.017598548274928516, 0.3583512599798758, 0.05748065875434898, 0.019204402725447642, 0.007141283251305603], [0.5774935755589984, 0.01696930565152223, 0.3295334447361433, 0.04553014046690706, 0.025979660001904107, 0.004493873584524926], [0.6280305412122463, 0.014951208195550873, 0.279225752443421, 0.03508169252437459, 0.032737580072388826, 0.009973225552018232], [0.6218614674096086, 0.019221569640156318, 0.27174393505404637, 0.04438663825626638, 0.03443630736595145, 0.008350082273970704], [0.6092704906551397, 0.015045329156140489, 0.3167084358390445, 0.030891930903730352, 0.02000859404275909, 0.00807521940318599], [0.600181091293838, 0.012640394249911445, 0.32931672391376016, 0.03395720488773599, 0.019475550734768057, 0.004429034919986288], [0.5426558277416675, 0.013688011194748766, 0.3769952489731615, 0.03088811116303164, 0.02899776864340112, 0.006775032283989336], [0.6069380376887145, 0.022104812434004056, 0.3096696644047975, 0.026157302294033607, 0.0257484119845266, 0.0093817711939239], [0.6232434265210186, 0.017828521316054263, 0.30443378351006706, 0.02880356858504028, 0.02016462071732091, 0.005526079350498971], [0.6637472130220227, 0.011089836956996866, 0.26592554273289665, 0.027021236016240617, 0.02891484652858837, 0.0033013247432547212], [0.5435218291933236, 0.019853611289874448, 0.3827693802819359, 0.0330231064154122, 0.017285662502090994, 0.0035464103173628394], [0.6314233911505173, 0.014822185377724367, 0.30311232785613057, 0.029326255594297062, 0.018355564738162078, 0.00296027528316872], [0.6319177481145574, 0.011126951756006167, 0.2886159498649586, 0.04032811516126067, 0.025088931316706132, 0.002922303786511224], [0.5852550181383276, 0.015150505786015936, 0.34056078020336294, 0.039165284459912755, 0.017633917912739123, 0.0022344934996418094], [0.5784636369136161, 0.02207827258102487, 0.32922945717515445, 0.03996088638523659, 0.024062173569329756, 0.006205573375638105], [0.633201541463284, 0.009402359303318359, 0.2822202885365656, 0.0311094062326927, 0.038915398828287484, 0.00515100563585189], [0.5475941102421785, 0.015161361060016934, 0.38099373100250084, 0.032231921595681605, 0.02019350932745285, 0.003825366772169093], [0.5852832844506562, 0.016234568184876674, 0.31450728211606344, 0.04240400505864444, 0.036306349601552795, 0.005264510588206418], [0.5767154627042118, 0.015031411888044799, 0.3352792292954882, 0.034757372941856095, 0.028271775640073837, 0.009944747530325192], [0.588536017450146, 0.01595240709132525, 0.32739442587317213, 0.04514426388175605, 0.020252120790574375, 0.002720764913025957], [0.6134289415054961, 0.015407507442975818, 0.30622574349977366, 0.028825742691871385, 0.03126193132787787, 0.004850133532005308], [0.5753831860038164, 0.013689753876190055, 0.35190789621342583, 0.03655161481530507, 0.01849763315401838, 0.003969915937244274], [0.6409050258171286, 0.016209943763313184, 0.2526747132399559, 0.027391445953226564, 0.052410028275320875, 0.010408842951054719], [0.575313579062424, 0.013534359167984686, 0.32710122411523046, 0.041044676497455315, 0.03886107939087443, 0.004145081766031267], [0.6077644514023033, 0.017280256087813386, 0.28038568524163837, 0.03826120239788786, 0.04625407453354365, 0.010054330336813496], [0.5946592114665206, 0.013018978290943296, 0.32106318167010217, 0.03545412117599566, 0.030666701321149997, 0.0051378060752883545], [0.5810957354880245, 0.013337135552249989, 0.31685355730040715, 0.04185125234620123, 0.04141812400353985, 0.005444195309577497], [0.6132308478833219, 0.0158084598461094, 0.30318285271068307, 0.03891520048672472, 0.023817080204783382, 0.005045558868377422], [0.6293195149236177, 0.013082061909445006, 0.30196932577605323, 0.02467203097495639, 0.025232832362537923, 0.005724234053389801], [0.6188868515076325, 0.020362475347970085, 0.2870429120843431, 0.036851071707375505, 0.03059815366154207, 0.006258535691136897], [0.5808087034346379, 0.017680911827468615, 0.3343661684891052, 0.03478014243186552, 0.026218815554700157, 0.006145258262222893], [0.6072374660280008, 0.017375773229308014, 0.3105808146677514, 0.037517167850925175, 0.02201540478858921, 0.005273373435425319], [0.5977753102405414, 0.014719384060507493, 0.3203846839959005, 0.03764836948371903, 0.025831906242451883, 0.003640345976879638], [0.6820430289613776, 0.014702486860204724, 0.24902424858775243, 0.027313634814087016, 0.02325363357746176, 0.003662967199116641], [0.6351656740027439, 0.02020749891069132, 0.25247565504193914, 0.05445002866834202, 0.03076611991704105, 0.0069350234592424976], [0.6098384965791672, 0.011192409255257578, 0.325982536222026, 0.023406465807876024, 0.021192598781688762, 0.008387493353984218], [0.6064481388933093, 0.018390383601110158, 0.3020565639698804, 0.03174473501979092, 0.033151147791271623, 0.008209030724637576], [0.6370090225074658, 0.011273524068549938, 0.27238460062407654, 0.03945954125073109, 0.03314679471313504, 0.006726516836041547], [0.5534622312527347, 0.019893592863589053, 0.35208543618900284, 0.040242561551157276, 0.026991332315449364, 0.0073248458280665805], [0.5780564540543267, 0.0223380138008678, 0.3419418171313997, 0.029654241886054093, 0.02152315859716703, 0.006486314530184721], [0.6484765499509489, 0.008953901038471792, 0.29223016317381556, 0.026219261176674794, 0.018886180450260658, 0.005233944209828275], [0.5957760824601145, 0.017455508212532646, 0.33481932204638487, 0.030637793857562115, 0.014914700554216552, 0.006396592869189512], [0.5746580299961418, 0.014795094259331924, 0.3218257603380014, 0.043986400971664986, 0.03781877007832124, 0.0069159443565386634], [0.5586737693512192, 0.014130254229555782, 0.36922112578692606, 0.028869017687193674, 0.0234161994333138, 0.005689633511791424], [0.5931473260801877, 0.013610143348930683, 0.315793482547618, 0.05038276226121053, 0.022724214874390823, 0.004342070887662175], [0.5421163996363478, 0.018818507122722847, 0.3671630234842062, 0.048366725428818896, 0.01803953942624699, 0.005495804901657139], [0.6316710868159942, 0.01624621139680439, 0.282184614013741, 0.03733950013073841, 0.02498433017199755, 0.007574257470724265], [0.5815502517521524, 0.026848611562479856, 0.28560294771782535, 0.03746895117969218, 0.062451406704655425, 0.0060778310831947424], [0.6149252887185168, 0.01749275961359824, 0.3068898297502195, 0.029962733981235334, 0.025255651309911083, 0.005473736626518891], [0.5663358944621115, 0.024066014027004142, 0.3455083840227704, 0.03775122455212143, 0.019561140271028166, 0.006777342664964056], [0.6414195346982778, 0.014549946195325325, 0.2680045821718945, 0.03549303165240616, 0.03109446991810314, 0.00943843536399301], [0.6030360842800082, 0.019679270517742077, 0.3054297306810519, 0.0351006462922089, 0.033974667280874046, 0.002779600948114873], [0.552520819768836, 0.01732533949486159, 0.34907064198911036, 0.03696319072727161, 0.032715790005403395, 0.011404218014517058], [0.5677382227915352, 0.02481742421041048, 0.34563116307621194, 0.033146267330132505, 0.025590275455427438, 0.0030766471362826306], [0.6528708226370963, 0.010827729821167652, 0.27046861380777193, 0.033376255007847494, 0.024456764161085404, 0.007999814565031196], [0.6380826513648418, 0.01632419003772484, 0.2614083304149716, 0.03543122253696012, 0.04066032307433603, 0.00809328257116563], [0.6673067789996252, 0.01054152401666617, 0.2675542907379108, 0.029594680699388823, 0.020124848026701385, 0.004877877519707694], [0.5975317102893499, 0.01647661450547519, 0.3380545358680363, 0.029873290660784153, 0.01583423237466239, 0.002229616301692201], [0.5890661729728264, 0.01916508407998418, 0.3030675458509107, 0.04540479740055585, 0.03587800746692388, 0.007418392228799084], [0.605531459510944, 0.01905115251917043, 0.2894220484444049, 0.03824378259955098, 0.04226778417774648, 0.0054837727481833465], [0.5940332956786732, 0.014592665098527288, 0.3196454831315151, 0.03887585275794734, 0.0280770112057536, 0.004775692127583387], [0.6431864810263893, 0.014423395671615756, 0.27701261181660697, 0.04423954562156197, 0.01740912635695701, 0.0037288395068688653], [0.6813150524163687, 0.010591481924474599, 0.2485869031434538, 0.02891977086730914, 0.023720798322091015, 0.006865993326302928], [0.5844135586278851, 0.020922011510074334, 0.3294818467251994, 0.038566881928173743, 0.024336737953243537, 0.002278963255423661], [0.6021388185588986, 0.024857885952066828, 0.27875107666553756, 0.0486442052563714, 0.03993851633714146, 0.005669497229984329], [0.5869375330424488, 0.017058325919832872, 0.3344568371131877, 0.035037366386080716, 0.022011881865620364, 0.004498055672829454], [0.5942243721025784, 0.01733666293418165, 0.32182085209478545, 0.03378733249194909, 0.026725108127692323, 0.0061056722488130495], [0.614961979512365, 0.01104976642043571, 0.3059665806952465, 0.03485668566620993, 0.021816090603300854, 0.01134889710244187], [0.6395786765744482, 0.008265289665168799, 0.2897248054429651, 0.03096324967828818, 0.026294396803871724, 0.005173581835257776], [0.6467880151708474, 0.01796645113238987, 0.27431188456010674, 0.030234076016799432, 0.02642596231007572, 0.004273610809780834], [0.5845007028991588, 0.01906880997830437, 0.3031396712888969, 0.05176985059617595, 0.03624265524463387, 0.005278309992830104], [0.5838946247182338, 0.0168819270207878, 0.33526319808108745, 0.03536961392979425, 0.02369805171180326, 0.004892584538293417], [0.6407977037089704, 0.015906452572709145, 0.29156142319256295, 0.02828895322826723, 0.01754059789358574, 0.005904869403904624], [0.6073820578678759, 0.016688381882725506, 0.2952937281043427, 0.0373621434626096, 0.032060150275320005, 0.011213538407126177], [0.5828418560375708, 0.014861260575908647, 0.32055109685490907, 0.039558710467674375, 0.03772638703268318, 0.0044606890312539295], [0.6907063140546243, 0.016326986769289682, 0.23734950125351129, 0.02423781567191413, 0.028532267914146522, 0.0028471143365140106], [0.6378044990355782, 0.018976571725325228, 0.28757127854289005, 0.03236651609763044, 0.017230818187529535, 0.006050316411046442], [0.6117887685162016, 0.018367905248380792, 0.29877627264733386, 0.03832398493964383, 0.026243800642690548, 0.0064992680057493766], [0.7059826556233122, 0.011905944365189101, 0.2207759449489357, 0.028141130902536178, 0.0299982975045811, 0.003196026655445597], [0.7254534419496264, 0.0087468174691368, 0.21019283287349333, 0.02018860581947926, 0.03143825616592442, 0.003980045722339827], [0.6455125306271725, 0.014585277405512204, 0.2731775069949811, 0.02792198493514916, 0.03293538942913582, 0.005867310608049371], [0.6993443297312217, 0.005647920274514917, 0.2380890026801032, 0.023249072620427132, 0.029054718115748782, 0.004614956577984125], [0.6685032832632876, 0.0063606738823071786, 0.2813867791649062, 0.02099763464661586, 0.019882223843658772, 0.0028694051992242883], [0.7438661784628039, 0.008275418065390994, 0.19788403557420298, 0.020312087388497387, 0.026185160556098448, 0.003477119953006262], [0.6603832358494256, 0.008520364006073899, 0.2786475869778767, 0.02369072981461771, 0.02267706099780331, 0.00608102235420269], [0.6914326271189514, 0.013226844459815972, 0.24615436503336954, 0.019886749500010896, 0.0229344338169021, 0.006364980070949992], [0.7643951095781323, 0.007862713828533322, 0.17537244147425862, 0.019040800089481315, 0.02753481024669773, 0.005794124782896579], [0.7466837303915211, 0.006720617884701482, 0.19594416176136223, 0.018060115196363847, 0.027334421555859686, 0.005256953210191654], [0.780003014082448, 0.010610037073282693, 0.16493033827929077, 0.02069549261695456, 0.019965610466144423, 0.00379550748187974], [0.7099328495828174, 0.007727955342539996, 0.23778231468039598, 0.018969108902740832, 0.022084454005754095, 0.0035033174857517623], [0.6877450823605987, 0.011842155919238567, 0.2405808306991194, 0.021261982443075044, 0.028464686415518713, 0.010105262162449485], [0.6889737794931453, 0.010459684570019466, 0.24824778044061716, 0.017556237561983237, 0.025731922521199546, 0.009030595413035239], [0.652261473567775, 0.011690802050968655, 0.2805733778221242, 0.021826673882898877, 0.02699509936220689, 0.006652573314026314], [0.7385956466133271, 0.01298241963069362, 0.19581739829733835, 0.02078094027646145, 0.02644431704391814, 0.005379278138261149], [0.7311041358815026, 0.007647706669709994, 0.22212817537115373, 0.017757576565227272, 0.017423681893410373, 0.003938723618996005], [0.7079347602215539, 0.007544871145071483, 0.2253067005599515, 0.026737090078523987, 0.02554805706575914, 0.0069285209291399235], [0.6663996310515166, 0.01703651679867191, 0.2531293110330216, 0.028571799306546707, 0.02873036927791321, 0.006132372532329934], [0.6061430768681626, 0.01929515355717083, 0.2995162562835464, 0.03941316144453859, 0.03030342746056426, 0.0053289243860174034], [0.6198495916765278, 0.015563369459540906, 0.31141041416780013, 0.029248027416090908, 0.01906104417079245, 0.004867553109247932], [0.6945912732933145, 0.01818505228678655, 0.2356165364421344, 0.0227670144015231, 0.024825570660000768, 0.004014552916240866], [0.696737770244129, 0.017039443819074927, 0.23990928335561168, 0.021082810108331098, 0.020879217624550715, 0.00435147484830262], [0.6346513180397632, 0.02053574078050747, 0.28538675366144506, 0.029055549246445603, 0.02367987191481906, 0.006690766357019535], [0.6613348891380368, 0.012901714658669114, 0.26268810980811536, 0.025883772849395147, 0.0329579628846241, 0.004233550661159546], [0.6746594739191387, 0.008673545697215807, 0.23161429643142897, 0.02907078821379195, 0.049901816727370825, 0.00608007901105369], [0.7184594633713821, 0.011140641189456233, 0.21391791550063308, 0.023569547067758607, 0.028099499537904776, 0.004812933332865088], [0.6235675147149092, 0.018697829985692794, 0.27445942443334015, 0.03835174552867671, 0.03949514851140362, 0.005428336825977404], [0.682506756188639, 0.009981339309523638, 0.2388406794060565, 0.030125708256551236, 0.03322308567486416, 0.005322431164365481], [0.578845368240209, 0.015270040615615724, 0.34405503931188114, 0.03680506654524846, 0.02204013136530288, 0.002984353921742763], [0.6096510978735067, 0.011850366099486469, 0.32535778674987553, 0.02620964862327629, 0.023044583841766313, 0.0038865168120888354], [0.6654947016110905, 0.010223662885761965, 0.2690179584673317, 0.03096364765802933, 0.02228852807738463, 0.0020115013004020697], [0.6513095174653188, 0.009797425572488482, 0.2628317011016051, 0.03932522659923974, 0.02843530432106862, 0.008300824940279153], [0.6850306744667329, 0.010260510662016288, 0.24577287629974198, 0.026231154238271583, 0.0285660861685499, 0.004138698164687205], [0.6602495621615005, 0.010711735957548544, 0.2770945881057467, 0.023593211619546216, 0.020605857511332967, 0.007745044644325026], [0.6688605971197708, 0.01567221298556144, 0.2595222978592743, 0.029101410224852395, 0.022571421083839492, 0.00427206072670159], [0.654073437023922, 0.014143435403995614, 0.26576439487834397, 0.03202076118963529, 0.027234404431043937, 0.006763567073059356], [0.6541529152005452, 0.01199189386356238, 0.27967500534153766, 0.03193664348407565, 0.01829259597505599, 0.00395094613522307], [0.6501757077272765, 0.007652703971752862, 0.2850575670910487, 0.027925072994986457, 0.024569848200988748, 0.004619100013946829], [0.6273152107774762, 0.012741221071402764, 0.2941849503847368, 0.03448603942102733, 0.024168413843704824, 0.00710416450165216], [0.7115236024522137, 0.014599486835588931, 0.22672217297499428, 0.021428540210206234, 0.021228132146424626, 0.004498065380571917], [0.6427972362791152, 0.012629544692943714, 0.2945566573572311, 0.025042903345306306, 0.01935900704846539, 0.005614651276938097], [0.6438256395942337, 0.010647063260413727, 0.28936375359033234, 0.025919003723020136, 0.024564360343201228, 0.0056801794887991084], [0.6347835812124741, 0.013127772536064435, 0.2880367661261431, 0.03313062884830625, 0.026213536912871732, 0.004707714364140319], [0.6895098284834453, 0.009142233125650063, 0.2279781072482737, 0.03563822018689537, 0.032367639390730285, 0.005363971565005435], [0.6856427638274345, 0.012926966798660013, 0.24864035869055864, 0.027055581047731675, 0.021477687766193174, 0.004256641869421934], [0.6811226459203195, 0.01036131880973771, 0.25888573176152696, 0.019361169728821712, 0.025029034394199453, 0.005240099385394807], [0.6378381095867983, 0.013774671902319435, 0.29286052841321203, 0.03219120934693689, 0.020527438084613412, 0.0028080426661197854], [0.5962897266607238, 0.018070943792312687, 0.3242339700658681, 0.03175215428046171, 0.02464433662669648, 0.005008868573937397], [0.6988942685177079, 0.012821307041498519, 0.22884355641486248, 0.030405575225877855, 0.025424181478036986, 0.003611111322016116], [0.6345895875237186, 0.012230222122027009, 0.2911089613475678, 0.03328900610210325, 0.024863001083241684, 0.003919221821341721], [0.6670858424723521, 0.010528927535491157, 0.2715907677587394, 0.022619098448025315, 0.024278675983223863, 0.003896687802168025], [0.6484816131826411, 0.012538618094052273, 0.27141429195743133, 0.034280631846686324, 0.028433417684697034, 0.004851427234491892], [0.6831688551998141, 0.014571494875812632, 0.23963439724530475, 0.0333423161680432, 0.024480400920930335, 0.0048025355900949765], [0.6998170344078223, 0.010815886857884332, 0.24499178533689758, 0.02253096329633183, 0.017055606163704006, 0.0047887239373598615], [0.6849424805045267, 0.009013470638328164, 0.23620523578386407, 0.030415547095016225, 0.029615054469399656, 0.009808211508865216], [0.6644499488223262, 0.014252474385817573, 0.2563252890558634, 0.032915288808600104, 0.025062022780578584, 0.006994976146814002], [0.6773600672670883, 0.013627736201607062, 0.25681520171799066, 0.02596770599810071, 0.02013751576967935, 0.006091773045533859], [0.735448794848132, 0.006946229173898874, 0.20567653405084269, 0.026810430719107155, 0.019599593927246483, 0.005518417280772806], [0.6588607364524143, 0.014914604999843815, 0.26976122600009184, 0.023847942743305477, 0.027370024176017388, 0.005245465628327296], [0.7067120759106221, 0.010062237225991822, 0.21522478560926955, 0.0301447843795571, 0.03359226636631772, 0.004263850508241501], [0.6933212126465688, 0.007553329992645817, 0.23804395632227407, 0.0312702534157929, 0.026076779747856174, 0.0037344678748622963], [0.7044333328999561, 0.014012542194828337, 0.21789166180653136, 0.028767507759688535, 0.02496241175899391, 0.009932543580001738], [0.6843956814712983, 0.011950783529329174, 0.25869627233271364, 0.025208580389522898, 0.015157924689745722, 0.004590757587390253], [0.7499114910321769, 0.007313730065831036, 0.1881546951387889, 0.01834786193686837, 0.03057018559703879, 0.00570203622929602], [0.7162171224850825, 0.010390358284373883, 0.21783406401550648, 0.026289128862495844, 0.02525986528649296, 0.004009461066048328], [0.7012043428765972, 0.0074840148735491885, 0.2415104652609415, 0.023023399003425416, 0.02225867307427412, 0.004519104911212498], [0.696214190988275, 0.011156980785941923, 0.2454272877247032, 0.018804241270547466, 0.024252357485230924, 0.004144941745301618], [0.6848684411405314, 0.01142319083074854, 0.2584859776870379, 0.019872590761630015, 0.02265918241978329, 0.0026906171602689064], [0.7002590655871104, 0.009689141697361316, 0.2345919424939724, 0.021661871144951276, 0.02960161587390839, 0.0041963632026961704], [0.6661411667737954, 0.010276198329733484, 0.26495078020945917, 0.028967128135664513, 0.02565953662495495, 0.004005189926392302], [0.6576941113782796, 0.010317633820355785, 0.29159259328059134, 0.018222458951141298, 0.018117608989811032, 0.004055593579820893], [0.6621889995228886, 0.011632743209000734, 0.2701867411546803, 0.03080692196969626, 0.02130375964419439, 0.0038808344995396623], [0.7096821624724339, 0.007941579627802052, 0.23565250031539609, 0.023506498839703446, 0.01769844109318243, 0.005518817651482083], [0.6812549852503894, 0.013296493913341676, 0.2404966392280972, 0.03630595277562624, 0.024993617438415425, 0.00365231139412984], [0.6951324924598689, 0.014055232861479127, 0.23524314735910767, 0.027251825350852906, 0.022115950682275176, 0.00620135128641639], [0.6814354415297577, 0.009040442655849702, 0.2469863566841471, 0.028499308888609954, 0.030036734527006143, 0.004001715714629725], [0.6858740941087949, 0.013201363270733839, 0.24052031025289072, 0.026059678841668203, 0.026624628495846264, 0.007719925030066232], [0.7788686376630646, 0.007959816227072028, 0.15875583507180469, 0.019283118672665373, 0.029272629994342866, 0.005859962371050561], [0.726941598654041, 0.01158083125816656, 0.20948810630564474, 0.028300415476954333, 0.02047138560202869, 0.0032176627031649417], [0.6729692739079605, 0.011548087400918389, 0.2680352789676137, 0.02575786665200637, 0.018300391772811193, 0.0033891012986898865], [0.7218144097214283, 0.00937659831938595, 0.2148975630011601, 0.02396518065975924, 0.026290538557034403, 0.003655709741232053], [0.6707163475636673, 0.01358375224181253, 0.2618018952874678, 0.023262514613595967, 0.027403728890324976, 0.003231761403131367], [0.6712503009112778, 0.010271740044153743, 0.25435327048986567, 0.028089839485127065, 0.030573857099774004, 0.005460991969801848], [0.707173491077968, 0.015758151249339405, 0.20983413850614677, 0.027203880358005632, 0.03480542778205886, 0.0052249110264813835], [0.673264027461303, 0.012084018728523575, 0.2507304235631483, 0.024984405692292384, 0.03182123365912963, 0.0071158908956031365], [0.7332271811659078, 0.007576154769677111, 0.2158119433192188, 0.022626069598555235, 0.017188601732078024, 0.0035700494145630324], [0.7146775836576371, 0.011960427211560999, 0.20676732608475684, 0.03131572471325048, 0.03188070183038267, 0.003398236502412], [0.7080988476920214, 0.01075716096235577, 0.23359381719494568, 0.018541640272057992, 0.021944073035430917, 0.00706446084318813], [0.6692122817220372, 0.010431298926683052, 0.25059898050602636, 0.029317052613559602, 0.0376645673261211, 0.002775818905572779], [0.7032337733108672, 0.010355213619057226, 0.22371309591348182, 0.03618677749948179, 0.021360346470243645, 0.005150793186868019], [0.679443214640445, 0.01842521574198671, 0.23731100263281718, 0.02975245927213307, 0.028382382370855542, 0.006685725341762617], [0.7319753403695601, 0.007953272731399603, 0.19938726269191376, 0.0319613751083469, 0.02213343400438291, 0.006589315094396831], [0.657774264065626, 0.014826139067520464, 0.27031139019157807, 0.029903184633383526, 0.023882140011679247, 0.003302882030212488], [0.6201347949306714, 0.013861839771811324, 0.3038175481897203, 0.03156229447027233, 0.020754078474235077, 0.009869444163289607], [0.6783690730898129, 0.009751759001671823, 0.24786376705332497, 0.03518972613067251, 0.024058334443826705, 0.004767340280691093], [0.6624742798931568, 0.014045319568555436, 0.2690363211430421, 0.02617677496911179, 0.023574270877476468, 0.004693033548657539], [0.6975967741308841, 0.015145288436402483, 0.2290084719468442, 0.025241196938905468, 0.02799957866192188, 0.005008689885042078], [0.703056833352714, 0.012606244482119633, 0.22696753955930055, 0.025191079937739502, 0.02611789618758466, 0.006060406480541701], [0.6903214839615318, 0.011163635131949606, 0.24542050150038033, 0.025739351527999978, 0.023556421651667415, 0.0037986062264706096], [0.75320020577339, 0.009288224273667343, 0.17508368469386543, 0.02344846513834948, 0.03391186996362302, 0.005067550157104539], [0.6520694396908306, 0.011286561281328742, 0.28475965205623455, 0.030389203192385597, 0.018608274689031513, 0.002886869090189073], [0.7086557075530997, 0.010557354481677505, 0.2357765000594323, 0.024410223524480416, 0.016058962214746328, 0.004541252166563627], [0.711703642247157, 0.013906294463196607, 0.2060653986344682, 0.028831221752821976, 0.0359879616993244, 0.0035054812030318907], [0.7089952778262513, 0.00857984489855345, 0.2267016975774223, 0.023349246281712102, 0.027003975651995072, 0.005369957764065849], [0.6712504353670555, 0.01337032179016562, 0.2525992101975475, 0.032411864117588604, 0.026068647591052513, 0.004299520936590035], [0.6660163699190506, 0.01146892556994183, 0.26011574116873426, 0.027057183129245543, 0.03072135863705934, 0.00462042157596873], [0.5941984321778309, 0.018726105255566297, 0.3003649658645224, 0.038944493072321444, 0.04460969346642734, 0.0031563101633316094], [0.6398405968306773, 0.010876964642364177, 0.28945316263355625, 0.027968434549344657, 0.028096988259156474, 0.003763853084901226], [0.6037309989325084, 0.008692436546710182, 0.3218399676914416, 0.03554682517231527, 0.026187040287157105, 0.004002731369867519], [0.6153420970456579, 0.015868138727985783, 0.28988015918032733, 0.0450262668842889, 0.03010762457270461, 0.003775713589035647], [0.6889994623248866, 0.008890490037350018, 0.2491670955501164, 0.024287003727974432, 0.024593935776766503, 0.004062012582905946], [0.7457924520737166, 0.014646479569251861, 0.18922196309802233, 0.02129882164900157, 0.02089854044142796, 0.008141743168579636], [0.7057560561108208, 0.009771433518355984, 0.2227918430664899, 0.030474965260818252, 0.023074821472431666, 0.008130880571083318], [0.7371850420422785, 0.009844594011925218, 0.19271485039874475, 0.023014548010470294, 0.02909236344837202, 0.008148602088209268], [0.7429494887159913, 0.009601274516547303, 0.194244858105751, 0.02813284699081773, 0.02137410711550304, 0.0036974245553897073], [0.648577559502804, 0.014871827262154138, 0.28416738582580786, 0.023876153684764007, 0.023415185520074232, 0.005091888204395725], [0.7541664868733696, 0.009707706116277661, 0.19089436944233967, 0.022906546332542535, 0.019702778547136385, 0.0026221126883341638], [0.7002184731246811, 0.008438152295797448, 0.23118944748296089, 0.029441629282113423, 0.026254162826973543, 0.004458134987473681], [0.7243146320431582, 0.011880587695895103, 0.19213189491450067, 0.031299911312468634, 0.03633849719784424, 0.00403447683613328], [0.6492111082254146, 0.016930387658043448, 0.27710889770622993, 0.03566685542394036, 0.016728236063363305, 0.004354514923008436], [0.6674046383157196, 0.011535551838982062, 0.26300994324433113, 0.03137599997799071, 0.020646745584235324, 0.006027121038741393], [0.7240829972302035, 0.009994443640807992, 0.21347632432657337, 0.029281049773550456, 0.020147318372374923, 0.00301786665648947], [0.7512018868251447, 0.00987424078638967, 0.18471734656911235, 0.01816946167628081, 0.030177140199281582, 0.005859923943790917], [0.7813938989397805, 0.01073768674814248, 0.14898943022475022, 0.022951838368542584, 0.029585379417061155, 0.0063417663017230185], [0.6487522458130255, 0.012801908120194511, 0.2780896345156626, 0.03420356432169851, 0.02323026289332148, 0.0029223843360974763], [0.6320798986101244, 0.015070196107343675, 0.2992199164474587, 0.026113272581845152, 0.021511086222292128, 0.006005630030935799], [0.7114618508877119, 0.012761256039735172, 0.20797085279580463, 0.03131792994429657, 0.028213455332429756, 0.008274655000022212], [0.7157454424132358, 0.013118363262854166, 0.20624834512252013, 0.03539778082811823, 0.026488308774849676, 0.0030017595984219206], [0.7232868976775032, 0.010717605601675312, 0.19731710570886904, 0.025596603725844415, 0.03845892430020816, 0.004622862985899833], [0.6931021321627123, 0.012212642321236537, 0.25047728268710034, 0.023839922659823716, 0.01628242611397245, 0.004085594055154627], [0.6904431821030833, 0.014858793798908546, 0.24240993320575457, 0.023965355090484353, 0.022759215905715776, 0.005563519896053443], [0.6962219884093366, 0.017856435063602745, 0.23953168012683246, 0.02029783186439647, 0.020506306980452076, 0.005585757555379712], [0.7115872075196149, 0.008602301931654833, 0.2103874402114522, 0.032002509526510244, 0.03286881041730336, 0.004551730393464378], [0.6790045089705666, 0.01158631440213967, 0.24907608676474138, 0.02607894994646214, 0.027962061580331064, 0.006292078335759046], [0.6584082520938694, 0.01650581739667611, 0.27690527122087993, 0.02334628845415126, 0.018586746747329002, 0.006247624087094474], [0.6910716937974054, 0.017337303068931578, 0.23143680236589723, 0.02896365775440848, 0.027007536136706364, 0.00418300687665078], [0.7282437223875627, 0.015543593628298233, 0.19787522176972835, 0.029548723269034852, 0.024233420687749946, 0.004555318257626019], [0.6933241624053026, 0.012854290982499855, 0.23800944301380475, 0.025107611112471395, 0.024351395524862453, 0.006353096961058784], [0.7010975361213814, 0.015516494103673858, 0.20827743260089668, 0.0330465089605947, 0.03153331532042312, 0.010528712893030293], [0.7110804365108091, 0.009555321285659005, 0.22446720405948026, 0.021408096343945613, 0.028753521577025216, 0.0047354202230808174], [0.6615999804916577, 0.019496314684844737, 0.24848220670044335, 0.036574531993158466, 0.02768152353840625, 0.00616544259148956], [0.6424663868884127, 0.009141805727736133, 0.2973147635948711, 0.024292837340012623, 0.018596020603674726, 0.008188185845292805], [0.6941349280425747, 0.00878361235091035, 0.22929609597800926, 0.028394374563237776, 0.034515856726732484, 0.004875132338535524], [0.7489003847842879, 0.009810645992159577, 0.18066716797455182, 0.02757310710491291, 0.025986950628679915, 0.007061743515407965], [0.6380556088939892, 0.021399764069776017, 0.2727604457573493, 0.042874035155503025, 0.020537563490336874, 0.004372582633045837], [0.7005231588637028, 0.011774140645318636, 0.2211163486455935, 0.027975188764838694, 0.03466262727902438, 0.0039485358015220115], [0.6662770879195113, 0.01327936067925677, 0.26366983943250266, 0.0275709422144057, 0.02418028576825459, 0.0050224839860690314], [0.670750977385326, 0.013960413481285579, 0.26535294446540886, 0.025102470467817935, 0.02054725460999826, 0.004285939590163179], [0.6716979454861772, 0.007927289576058642, 0.2662703477509085, 0.020968570542483363, 0.02922032147040546, 0.00391552517396693], [0.6963081552463042, 0.013223459392568247, 0.2316460455375272, 0.029091437994026765, 0.02345227958276921, 0.006278622246804092], [0.6270411828299344, 0.012328207487262412, 0.29768491734636293, 0.03615739153935881, 0.02104368674744869, 0.005744614049632818], [0.6352082728981199, 0.01670098830746901, 0.27925413989758135, 0.03351387773677946, 0.02896134133498762, 0.006361379825062865], [0.6673074223205301, 0.