{"perplexies": {"3": 34369.68991565514, "4": 34353.20976205261, "5": 34438.58807961999, "6": 34604.17641834594}, "log_likelihoods": {"3": -346966918.9643966, "4": -346950986.8907659, "5": -347033443.15843964, "6": -347192783.2001314}, "topic_predictions": {"3": [[0.2616185114306834, 0.031943732830663304, 0.7064377557386533], [0.2574847729152142, 0.0632741892591127, 0.6792410378256731], [0.26081017834850095, 0.02319808607994316, 0.7159917355715559], [0.2698274390552614, 0.026503271689785626, 0.703669289254953], [0.289862932904685, 0.024768261593680424, 0.6853688055016346], [0.27579481152311897, 0.030275764995540015, 0.693929423481341], [0.28029052189226644, 0.035655212053086235, 0.6840542660546473], [0.27115732974701684, 0.017194113669540052, 0.7116485565834431], [0.25682890878388737, 0.03034415474017987, 0.7128269364759329], [0.253784641713948, 0.031273424720269005, 0.7149419335657828], [0.24187580846720041, 0.0686722739126969, 0.6894519176201026], [0.2803667593546957, 0.03776961297289565, 0.6818636276724086], [0.2637155509582347, 0.026643724202823408, 0.7096407248389418], [0.2465142197880697, 0.027039141264434036, 0.7264466389474964], [0.2598895992968354, 0.0338488950099359, 0.7062615056932288], [0.29149963736657447, 0.03338181428682548, 0.6751185483466002], [0.27556943552305757, 0.0340819774423774, 0.690348587034565], [0.26240872812389193, 0.03640318314141537, 0.7011880887346926], [0.2820079012418369, 0.037805112686034474, 0.6801869860721287], [0.26554568468777373, 0.0236474050547834, 0.7108069102574428], [0.2611068154141114, 0.024585063010460657, 0.714308121575428], [0.24354817144549373, 0.042550953516802416, 0.7139008750377038], [0.2580103737255303, 0.033273244951604206, 0.7087163813228654], [0.2700253693121176, 0.024975335158456045, 0.7049992955294263], [0.2602851698148313, 0.027431174696264275, 0.7122836554889044], [0.252328596933284, 0.028238724667768063, 0.7194326783989479], [0.2643826545593076, 0.021130912757565082, 0.7144864326831273], [0.26999145351438314, 0.02553918113860098, 0.7044693653470158], [0.2713201034935391, 0.0247462453794177, 0.7039336511270433], [0.27335792838134804, 0.03501984355661807, 0.6916222280620338], [0.25034437222731015, 0.03707358756701038, 0.7125820402056795], [0.24976786228956654, 0.03360333763130662, 0.7166288000791269], [0.26837204041780577, 0.04345440102584211, 0.6881735585563522], [0.2571635259369217, 0.03980488721710647, 0.7030315868459719], [0.2674883186220116, 0.02535482332905565, 0.7071568580489328], [0.25694740841981734, 0.037912612208262655, 0.7051399793719199], [0.255694919722213, 0.02697856636936625, 0.7173265139084207], [0.25122866591006365, 0.05480517900566993, 0.6939661550842665], [0.2583963223974703, 0.04304862691527654, 0.6985550506872532], [0.2725293037377567, 0.05033412143711229, 0.6771365748251309], [0.2579920030135516, 0.035514962414241166, 0.7064930345722071], [0.26399520306854113, 0.04689567597815213, 0.6891091209533068], [0.27050303659418046, 0.02757864610136599, 0.7019183173044535], [0.25127594654346275, 0.029674117691296277, 0.719049935765241], [0.28153287195501964, 0.030458020416433338, 0.6880091076285471], [0.26194041908873933, 0.03684780472513775, 0.701211776186123], [0.2749654832893524, 0.027551533299522982, 0.6974829834111246], [0.26220410736413297, 0.030996463056373, 0.706799429579494], [0.2745399736246564, 0.021239887985403758, 0.7042201383899399], [0.2929174302326471, 0.03199243357895276, 0.6750901361884001], [0.23969181975525333, 0.02960808974538716, 0.7307000904993596], [0.2621114961237436, 0.03843375193245974, 0.6994547519437967], [0.26752872827459145, 0.030795726812091074, 0.7016755449133174], [0.26167054666410655, 0.038468225283302036, 0.6998612280525914], [0.2638803428891491, 0.03139486374591904, 0.7047247933649318], [0.2535626449086919, 0.022812594982299764, 0.7236247601090082], [0.25858508962608157, 0.021959589095659007, 0.7194553212782593], [0.2664245369602271, 0.043992825346255274, 0.6895826376935177], [0.24200153203786787, 0.038207845991756244, 0.7197906219703759], [0.2769769249953829, 0.028358242527123243, 0.6946648324774939], [0.273676163165787, 0.02970607583663705, 0.6966177609975759], [0.28072021615890363, 0.02644057740646597, 0.6928392064346304], [0.2609052829394183, 0.06546899930123297, 0.6736257177593488], [0.26322535078656756, 0.02878755843730772, 0.7079870907761247], [0.27530057006403796, 0.02767196161736716, 0.697027468318595], [0.27642118043242997, 0.03334833474779587, 0.6902304848197742], [0.2638783221062709, 0.037499914447039234, 0.6986217634466899], [0.2590136332890438, 0.0466198674644169, 0.6943664992465393], [0.2679881884075572, 0.032865628220547005, 0.6991461833718958], [0.2690722143205297, 0.02336934515829335, 0.7075584405211769], [0.2744598857944647, 0.03943647601484512, 0.6861036381906902], [0.2703751898550738, 0.019642090081594607, 0.7099827200633315], [0.2601069997218925, 0.020176596437296277, 0.7197164038408111], [0.2764733839770927, 0.04462486370368593, 0.6789017523192215], [0.2673396282599205, 0.0459883270176068, 0.6866720447224726], [0.26652644026243655, 0.03512279504001172, 0.6983507646975518], [0.29490813140492717, 0.016687919440755834, 0.688403949154317], [0.2751121236428184, 0.02180544202793899, 0.7030824343292426], [0.2668747965875299, 0.03132081592162467, 0.7018043874908455], [0.2859167347358558, 0.04185701924308644, 0.6722262460210576], [0.26901212458658746, 0.028552516796381468, 0.7024353586170311], [0.2610601018597682, 0.03332260945843527, 0.7056172886817965], [0.25861252994423395, 0.028969207772515698, 0.7124182622832502], [0.25732676320953296, 0.02654943421404243, 0.7161238025764245], [0.26908296621003924, 0.02813267658538017, 0.7027843572045807], [0.27161355740956056, 0.04223196473931368, 0.6861544778511258], [0.2548761688823066, 0.03197057793242986, 0.7131532531852636], [0.2623002025553816, 0.02151887893553117, 0.7161809185090873], [0.27010998624904986, 0.037109980259457, 0.6927800334914932], [0.25640937082990795, 0.044793721121841344, 0.6987969080482507], [0.2670756211419484, 0.024259471195077025, 0.7086649076629747], [0.27702641428072566, 0.0204608514985885, 0.7025127342206859], [0.27766934252197484, 0.027123096975623318, 0.695207560502402], [0.26584502125993525, 0.02357388333582217, 0.7105810954042426], [0.2560096650299569, 0.022641906833028306, 0.7213484281370147], [0.2537728848364817, 0.034594166595511344, 0.711632948568007], [0.25200477337158056, 0.025406692226578716, 0.7225885344018408], [0.24484786933302843, 0.020582196621214344, 0.7345699340457573], [0.26023174101124696, 0.01862799207858893, 0.721140266910164], [0.2534177301405255, 0.024066714714040566, 0.7225155551454341], [0.26223908353364617, 0.020741450907873233, 0.7170194655584806], [0.2669494251696709, 0.017982283325300785, 0.7150682915050283], [0.2529328129817486, 0.019569028041969257, 0.7274981589762822], [0.2780079998308664, 0.013146688847486149, 0.7088453113216476], [0.25390087030162134, 0.018059042787534185, 0.7280400869108444], [0.2606167902230357, 0.026776475310292855, 0.7126067344666714], [0.24843082326345184, 0.0240013475860389, 0.7275678291505092], [0.2516872864653314, 0.028783650799429766, 0.719529062735239], [0.27062494413935184, 0.01916400677633374, 0.7102110490843143], [0.2605645601101132, 0.014781544473752564, 0.7246538954161343], [0.26362662421333194, 0.019135054579099777, 0.7172383212075683], [0.26950769634241994, 0.027436082100976446, 0.7030562215566035], [0.27130213111826756, 0.03567543091606927, 0.6930224379656631], [0.2590560210301912, 0.021592699439755673, 0.7193512795300531], [0.2690163845923011, 0.022479388786468164, 0.7085042266212306], [0.26648879184789626, 0.01762585395673192, 0.7158853541953719], [0.2720563606871175, 0.025183897181159976, 0.7027597421317224], [0.25426633473383986, 0.029934992031462267, 0.7157986732346978], [0.25640915425237754, 0.04221160899905599, 0.7013792367485664], [0.27081346527689043, 0.02101176975349354, 0.708174764969616], [0.2636327961734694, 0.04098622072090527, 0.6953809831056253], [0.2584610232670329, 0.02946349854884151, 0.7120754781841256], [0.26473082684369803, 0.029837857193579974, 0.7054313159627219], [0.2546811951966285, 0.0267814384700667, 0.7185373663333049], [0.2630861257640667, 0.021234946442266, 0.7156789277936673], [0.27258313629938763, 0.02914055223175808, 0.6982763114688544], [0.25639963249894293, 0.023559918360185055, 0.7200404491408718], [0.2528018112015299, 0.02077555304039963, 0.7264226357580704], [0.26589008464166347, 0.021528994791156882, 0.7125809205671797], [0.27133017214124105, 0.02787744726710358, 0.7007923805916553], [0.27109978316598743, 0.019493453337743737, 0.7094067634962689], [0.246626925911906, 0.025538535597178703, 0.7278345384909154], [0.2669392896334754, 0.025932945671780196, 0.7071277646947444], [0.27468466667105, 0.016794640832929943, 0.70852069249602], [0.2563971279847415, 0.024195167230733738, 0.7194077047845248], [0.262299482884337, 0.025356947409227622, 0.7123435697064353], [0.2556025569535286, 0.025164361649227904, 0.7192330813972435], [0.27575496803414, 0.02687378952234755, 0.6973712424435125], [0.26774734070560674, 0.017151076032237644, 0.7151015832621557], [0.25311504378336414, 0.0243418285804075, 0.7225431276362283], [0.26712338649864364, 0.02010295405018038, 0.712773659451176], [0.25599153241951494, 0.029705952128249224, 0.7143025154522358], [0.2773706922240667, 0.019784098763056115, 0.7028452090128773], [0.26321365842163996, 0.024536629223772987, 0.712249712354587], [0.2522254123585002, 0.02210690054481038, 0.7256676870966895], [0.27222261137344117, 0.02847628882772522, 0.6993010997988335], [0.27096829686237056, 0.020274994498153346, 0.7087567086394762], [0.2571747547349808, 0.016033730151220553, 0.7267915151137986], [0.274444019488789, 0.027999068343880933, 0.6975569121673301], [0.2733416919216391, 0.023614614137931186, 0.7030436939404298], [0.2611490697294364, 0.019721375323034158, 0.7191295549475295], [0.2708405870059616, 0.01462319480779998, 0.7145362181862382], [0.261921848413227, 0.024816002309099673, 0.7132621492776732], [0.2724604072165722, 0.025157134476809735, 0.702382458306618], [0.2647076489518601, 0.022704090322280674, 0.7125882607258592], [0.2823945303182511, 0.021548009360257837, 0.696057460321491], [0.26761203165251907, 0.014392469102252047, 0.7179954992452289], [0.2600895766200652, 0.02334361353942352, 0.7165668098405114], [0.2702885127851009, 0.019947279687214877, 0.7097642075276842], [0.25416370706248964, 0.020230587850272902, 0.7256057050872374], [0.2578016722412819, 0.02250693989832109, 0.719691387860397], [0.25531425672130675, 0.021055176343573956, 0.7236305669351193], [0.25860094435946324, 0.025300890573389467, 0.7160981650671473], [0.2599801901410903, 0.025154040073171857, 0.7148657697857378], [0.24218321662746994, 0.018992814324830368, 0.7388239690476996], [0.27447480123201096, 0.020441627748321704, 0.7050835710196675], [0.2699195898749048, 0.016568904092329324, 0.7135115060327659], [0.2799404252477245, 0.020051727880432985, 0.7000078468718426], [0.27788637963761426, 0.01887261245051857, 0.703241007911867], [0.2591691794721626, 0.025837887003506334, 0.7149929335243311], [0.26972404314568, 0.02285025540281138, 0.7074257014515086], [0.2652372203635344, 0.018429771001525232, 0.7163330086349403], [0.27675496465495525, 0.016031876670814602, 0.7072131586742301], [0.26228607660949527, 0.01727665225624965, 0.720437271134255], [0.26325188188787285, 0.02033930916680439, 0.7164088089453227], [0.255438439540581, 0.025287011471305736, 0.7192745489881133], [0.2521665280192387, 0.03001641041179832, 0.717817061568963], [0.27430368894156837, 0.027425447589114665, 0.6982708634693169], [0.26558187525055976, 0.0300186800203734, 0.7043994447290669], [0.26488565078395254, 0.01319484004977595, 0.7219195091662716], [0.280977214272483, 0.02409956135249103, 0.694923224375026], [0.24935866432535916, 0.01864638905416348, 0.7319949466204774], [0.2611531336659952, 0.032377611421000645, 0.7064692549130043], [0.2888844404693178, 0.0174479883017677, 0.6936675712289144], [0.2839964794450684, 0.025617541162466347, 0.6903859793924653], [0.27983930479522584, 0.017638596947637197, 0.702522098257137], [0.26632725924489004, 0.02481000075238809, 0.708862740002722], [0.2711251903235925, 0.02456375188678841, 0.704311057789619], [0.2761425998060589, 0.021895819561817874, 0.7019615806321231], [0.2677641568960003, 0.022254197347780086, 0.7099816457562195], [0.2643232351898815, 0.024130496456379123, 0.7115462683537395], [0.26740102329860105, 0.02160917051687933, 0.7109898061845196], [0.2621328588532862, 0.020022373317504717, 0.7178447678292091], [0.2731959182235357, 0.019909743440752817, 0.7068943383357116], [0.26464785357651155, 0.019471008982008563, 0.7158811374414797], [0.26672082167859984, 0.015005153696949516, 0.7182740246244507], [0.2738527863581857, 0.024370949171987753, 0.7017762644698265], [0.2543009498620866, 0.02200857114638006, 0.7236904789915334], [0.27056700563796854, 0.024102069209375004, 0.7053309251526565], [0.258432393811783, 0.029213764425706272, 0.7123538417625108], [0.26370849214867537, 0.0438348010274854, 0.6924567068238393], [0.24898499129241894, 0.028460033863584557, 0.7225549748439963], [0.25471031710902164, 0.02881486570750341, 0.7164748171834749], [0.2704048683245996, 0.03356589474034793, 0.6960292369350526], [0.26310887368950814, 0.021242913274423826, 0.7156482130360681], [0.278847857113533, 0.01497737739319571, 0.7061747654932714], [0.2662437276831507, 0.022063246130513258, 0.7116930261863361], [0.27441396186365097, 0.020376590339114063, 0.705209447797235], [0.27858285322573834, 0.016140961138305366, 0.7052761856359563], [0.2560937965391067, 0.02476507285980697, 0.7191411306010863], [0.27925403416607214, 0.012462043456349995, 0.7082839223775779], [0.26085196371291425, 0.021928454756818705, 0.7172195815302669], [0.2781929560455035, 0.024050755255298536, 0.6977562886991979], [0.2838026670095926, 0.018230565910330655, 0.6979667670800768], [0.2742781435985743, 0.01886108085702039, 0.7068607755444054], [0.2686848953880544, 0.01473036959674317, 0.7165847350152025], [0.26538493347014386, 0.0218662639938042, 0.7127488025360521], [0.2772910373135844, 0.02001116125628809, 0.7026978014301275], [0.2702935134843997, 0.021834318631601558, 0.7078721678839986], [0.25649378212940155, 0.025160385252193135, 0.7183458326184053], [0.28854535291562583, 0.02200432505389154, 0.6894503220304827], [0.2885105773838916, 0.01942789263115931, 0.6920615299849491], [0.2708236684528294, 0.029240621753602106, 0.6999357097935685], [0.2760880400714128, 0.015654425743128676, 0.7082575341854586], [0.2674717728726679, 0.02097108206379833, 0.7115571450635338], [0.26571623885271434, 0.017480600252626856, 0.7168031608946588], [0.2793988209455187, 0.022726046013259244, 0.6978751330412222], [0.26421456766518464, 0.02676385808861001, 0.7090215742462053], [0.27206149823590464, 0.018917421821144836, 0.7090210799429505], [0.27572298625310154, 0.02162990670503883, 0.7026471070418595], [0.2828875932607848, 0.01834291483509981, 0.6987694919041154], [0.2646190105328757, 0.019256748707122216, 0.7161242407600021], [0.2883666592186028, 0.02689469004700231, 0.6847386507343949], [0.24853216599568148, 0.023308098388213336, 0.7281597356161051], [0.2786720350594768, 0.025949283200529444, 0.6953786817399938], [0.25928299896638984, 0.02320503659335026, 0.71751196444026], [0.26671115621140645, 0.028562275662717324, 0.7047265681258762], [0.2831313352506476, 0.016043916296755913, 0.7008247484525965], [0.29301755513310057, 0.021313084408596944, 0.6856693604583025], [0.2699060236677543, 0.026180462419382555, 0.7039135139128632], [0.2693028930002921, 0.02458799393995924, 0.7061091130597487], [0.2583222131839215, 0.022385682244721723, 0.7192921045713567], [0.24631409019237271, 0.027000785626036045, 0.7266851241815913], [0.2792145195037879, 0.0213315166683771, 0.699453963827835], [0.27553452118179833, 0.023618175662329984, 0.7008473031558717], [0.2697268752786008, 0.02988060801532472, 0.7003925167060744], [0.2760771972069769, 0.027977367174428766, 0.6959454356185945], [0.2754410757183199, 0.012343059381969612, 0.7122158648997104], [0.26743935982182226, 0.022635996554436044, 0.7099246436237417], [0.25840385261005216, 0.02454324077318647, 0.7170529066167612], [0.2638169429616815, 0.02948737322390068, 0.7066956838144177], [0.26344585952453353, 0.025833801632551168, 0.7107203388429152], [0.2571627257275729, 0.022946226897089788, 0.7198910473753373], [0.27361196781326447, 0.02327044883609363, 0.7031175833506419], [0.2702793213518241, 0.022215733993849476, 0.7075049446543266], [0.2584202819659482, 0.02182794719916567, 0.7197517708348862], [0.2741590140755, 0.023012886114235416, 0.7028280998102645], [0.27081141830764344, 0.020592534925876586, 0.70859604676648], [0.2695509789203835, 0.02999595368613553, 0.7004530673934809], [0.28448845872703404, 0.025847009966996622, 0.6896645313059693], [0.27037459707452277, 0.024563318195896376, 0.7050620847295809], [0.28109878255571996, 0.015154488615519933, 0.7037467288287601], [0.2756987011333143, 0.01580513247535844, 0.7084961663913273], [0.26059817093751503, 0.023784390051597982, 0.7156174390108869], [0.26415281948146824, 0.025368119944069775, 0.7104790605744621], [0.266361681057789, 0.01908103084832804, 0.714557288093883], [0.2640398663690032, 0.020375774150764744, 0.7155843594802321], [0.2680872594864818, 0.025437476359093745, 0.7064752641544244], [0.2606846219257401, 0.026965319562064903, 0.7123500585121949], [0.2819486517703895, 0.016666415001637406, 0.7013849332279731], [0.27103243284141365, 0.021768181736196303, 0.70719938542239], [0.25713060807149907, 0.01777730592268912, 0.7250920860058118], [0.264586465022579, 0.02626005657500556, 0.7091534784024155], [0.2789454434641806, 0.025078363508028462, 0.6959761930277909], [0.2720195722345777, 0.02568759517474401, 0.7022928325906783], [0.2665375180880579, 0.027450199081310713, 0.7060122828306313], [0.2730452337601834, 0.018931001237967315, 0.7080237650018493], [0.26582079540797166, 0.01737881420003539, 0.7168003903919931], [0.2679375008582312, 0.022976864171314695, 0.7090856349704541], [0.25824499046077765, 0.02068426907939565, 0.7210707404598266], [0.2545265420088614, 0.046369500741949864, 0.6991039572491887], [0.25508810488658706, 0.05449288992222545, 0.6904190051911876], [0.2648298960342791, 0.022158662678094417, 0.7130114412876264], [0.2785147660037921, 0.019956317227672635, 0.7015289167685353], [0.26698408725411915, 0.02112844758400957, 0.7118874651618712], [0.24378445649626693, 0.029549589161872142, 0.7266659543418609], [0.26548870946403597, 0.01600776057862182, 0.7185035299573421], [0.2706810289253783, 0.023025391799118285, 0.7062935792755034], [0.2649800972283626, 0.020143000457783194, 0.7148769023138543], [0.27115068895481215, 0.025459483118476994, 0.7033898279267109], [0.2606836957851607, 0.02842815322493231, 0.710888150989907], [0.2694550862096636, 0.022824093093130292, 0.7077208206972061], [0.27023037980558184, 0.023499314032662103, 0.706270306161756], [0.2526332411515856, 0.025042457614816317, 0.7223243012335983], [0.2678003178335627, 0.03430468535497079, 0.6978949968114665], [0.2518025759258221, 0.028334105063033937, 0.719863319011144], [0.26008170776227774, 0.0334324775503612, 0.706485814687361], [0.28484545278166085, 0.02265028061182235, 0.6925042666065168], [0.2721518572929679, 0.034646032285297904, 0.6932021104217341], [0.25571439458243134, 0.019715862701891428, 0.7245697427156772], [0.2572609692049194, 0.03705694834690094, 0.7056820824481796], [0.2786930035127667, 0.021299911874644566, 0.7000070846125886], [0.2736152013785612, 0.018361047193961318, 0.7080237514274774], [0.2740630092693226, 0.02162582519660031, 0.704311165534077], [0.2626225429831496, 0.03810761163966571, 0.6992698453771847], [0.2712575266616523, 0.020255967954556357, 0.7084865053837914], [0.2836395660531363, 0.023595073218748024, 0.6927653607281158], [0.26110122920098183, 0.02396790547290212, 0.714930865326116], [0.2848694269321279, 0.023969104997250728, 0.6911614680706213], [0.2872192455674451, 0.02120589951195147, 0.6915748549206034], [0.2633442566297822, 0.03199269313989171, 0.7046630502303262], [0.27518213056680224, 0.018671519122198325, 0.7061463503109993], [0.2731030366096885, 0.029161247827086078, 0.6977357155632254], [0.27327140591071125, 0.02942757132771574, 0.6973010227615731], [0.27623768155180645, 0.022295439178818464, 0.701466879269375], [0.26216282764648347, 0.023249610216782682, 0.7145875621367338], [0.273184187744273, 0.02662107851402667, 0.7001947337417004], [0.27360057639165747, 0.023602932242934093, 0.7027964913654084], [0.2796493182930052, 0.02285814686881086, 0.697492534838184], [0.2509991478082504, 0.0220506020043417, 0.7269502501874078], [0.2654479899324514, 0.01702991899214376, 0.7175220910754049], [0.2773530311896493, 0.022161647987588688, 0.7004853208227619], [0.27413954087821835, 0.01706537311073091, 0.7087950860110508], [0.2835334673345558, 0.02000289037795024, 0.6964636422874939], [0.2585826323231973, 0.025383352545033117, 0.7160340151317698], [0.27875087157173745, 0.022399010665613596, 0.698850117762649], [0.25882792294259754, 0.025415834355913203, 0.7157562427014893], [0.28430153684106707, 0.019645522207788323, 0.6960529409511446], [0.26895377414032, 0.02355789015325628, 0.7074883357064239], [0.28049993254660777, 0.01993915908259787, 0.6995609083707944], [0.27943219561254073, 0.020514548721353484, 0.7000532556661059], [0.25857028552051065, 0.0279348841789222, 0.7134948303005672], [0.26488834853521853, 0.02533774950289649, 0.709773901961885], [0.2551328912689271, 0.025697082382784592, 0.7191700263482883], [0.2704750132372014, 0.0316072997101904, 0.6979176870526083], [0.26654982394690596, 0.019826924649060357, 0.7136232514040338], [0.2755361622473484, 0.021982878909630826, 0.7024809588430208], [0.2601494338339216, 0.045068958654116295, 0.6947816075119622], [0.26641973975642164, 0.015831210254451052, 0.7177490499891273], [0.2701742126182534, 0.018376432465455415, 0.7114493549162911], [0.27471871939505876, 0.017688302795788837, 0.7075929778091523], [0.276485094687385, 0.012833582175761075, 0.710681323136854], [0.2647180519225334, 0.024028959300478266, 0.7112529887769884], [0.25758369617932914, 0.02731306443927861, 0.7151032393813922], [0.28152652198159284, 0.022465719159556988, 0.6960077588588501], [0.2592023957318295, 0.04045213357374539, 0.700345470694425], [0.2912386787152156, 0.04039556641529438, 0.6683657548694901], [0.2582284153604309, 0.07564332062325375, 0.6661282640163153], [0.2689330460938669, 0.021767359089974878, 0.7092995948161582], [0.2734568170014873, 0.041850747206960165, 0.6846924357915526], [0.2632239111882375, 0.04756000455447879, 0.6892160842572836], [0.27184044125099227, 0.04496274900424997, 0.6831968097447578], [0.2553623003255117, 0.0712478908349733, 0.6733898088395149], [0.27540049165590724, 0.041323950928073415, 0.6832755574160193], [0.2726364753132762, 0.03562237985685508, 0.6917411448298688], [0.25571706907860414, 0.04033383431443554, 0.7039490966069604], [0.2860433768033355, 0.03302968055548472, 0.6809269426411799], [0.2767058945417824, 0.0349878648202324, 0.6883062406379851], [0.2854841400950711, 0.05005911528689687, 0.664456744618032], [0.24668934925196614, 0.04395915196874693, 0.7093514987792869], [0.28024865586272435, 0.03924386460464476, 0.6805074795326309], [0.26735398470774285, 0.05178427225695595, 0.6808617430353011], [0.27516384664883775, 0.035059272375744854, 0.6897768809754175], [0.2644455188364341, 0.022378215303970227, 0.7131762658595956], [0.2667119442433556, 0.022421967574758495, 0.7108660881818859], [0.2800384879893597, 0.0194505805824107, 0.7005109314282297], [0.2712429630665354, 0.024247100460980102, 0.7045099364724845], [0.2794316799460464, 0.022820173912887397, 0.6977481461410663], [0.27260792261609285, 0.021693201054273917, 0.7056988763296334], [0.2508581529575694, 0.01890559552463507, 0.7302362515177956], [0.2576925087075405, 0.024588125625190135, 0.7177193656672693], [0.27396456405391695, 0.017431426060283455, 0.7086040098857996], [0.2803073527588509, 0.018036268628116213, 0.701656378613033], [0.26328036535434524, 0.025169647945615294, 0.7115499867000394], [0.26960413689568336, 0.02421595042039331, 0.7061799126839233], [0.26126058593019413, 0.01933369276151957, 0.7194057213082863], [0.2611498586749104, 0.0301068941432655, 0.708743247181824], [0.25622633286825025, 0.023580254807491197, 0.7201934123242586], [0.261643253183001, 0.02898875403915456, 0.7093679927778445], [0.2830552912422984, 0.019264224997118762, 0.6976804837605829], [0.28850135714401437, 0.025724624951586242, 0.6857740179043995], [0.2883693248224419, 0.01456486551936746, 0.6970658096581908], [0.26281899664744734, 0.022343937925590106, 0.7148370654269625], [0.2642540262975942, 0.031537129912724886, 0.7042088437896808], [0.2741112282888945, 0.02950894610751939, 0.696379825603586], [0.27295063000601544, 0.02479580548803757, 0.702253564505947], [0.24845995331807053, 0.02481885123938546, 0.7267211954425439], [0.25698122888849106, 0.026037580069489315, 0.7169811910420196], [0.26470647088852667, 0.019082843476502315, 0.7162106856349709], [0.2561441496753873, 0.017567431397074083, 0.7262884189275387], [0.2741804083018632, 0.0219732516965454, 0.7038463400015914], [0.2550648103714163, 0.019111071594373096, 0.7258241180342107], [0.24909035457196244, 0.015000173715606836, 0.7359094717124307], [0.27149849183546165, 0.024863957078760303, 0.703637551085778], [0.26256453738937074, 0.01919234968736933, 0.71824311292326], [0.2527272293564455, 0.021231953768410798, 0.7260408168751437], [0.27669542140006304, 0.023869900858035187, 0.6994346777419018], [0.26554966744974706, 0.02151647767628107, 0.7129338548739718], [0.2647887131216488, 0.01879901973915785, 0.7164122671391934], [0.29540510001289316, 0.03440323316339267, 0.6701916668237141], [0.2697044206489873, 0.013208208118551714, 0.7170873712324609], [0.2692175962403817, 0.020328897377769304, 0.710453506381849], [0.26314543731971873, 0.029514740157982715, 0.7073398225222987], [0.26058947179483505, 0.027832591704260792, 0.7115779365009041], [0.2570305526952599, 0.01667369478571651, 0.7262957525190238], [0.2701461628758296, 0.02234004640700015, 0.7075137907171701], [0.27825338921668546, 0.020239471135308915, 0.7015071396480056], [0.26890439592115173, 0.017952445190272292, 0.713143158888576], [0.27618529003686315, 0.025104621453389212, 0.6987100885097477], [0.25301569061268897, 0.025920251764776324, 0.7210640576225348], [0.2788302795746077, 0.020871282475534887, 0.7002984379498574], [0.2691348969065595, 0.017160499786963997, 0.7137046033064764], [0.2629317016687175, 0.02629362747232072, 0.7107746708589618], [0.2560080714275588, 0.022123301511057417, 0.7218686270613838], [0.2710913317155578, 0.026885589878427096, 0.702023078406015], [0.26406050914340956, 0.023642562575095654, 0.7122969282814948], [0.2651169934527097, 0.03372924803052338, 0.7011537585167669], [0.27263843232786794, 0.02265228478178998, 0.7047092828903421], [0.2557591908824475, 0.02146733130821533, 0.7227734778093372], [0.2730513649236495, 0.023906144234659022, 0.7030424908416915], [0.25701894034000566, 0.0247804408012081, 0.7182006188587864], [0.2783423604522307, 0.020425366779263196, 0.701232272768506], [0.257483027301678, 0.020298497071148187, 0.7222184756271738], [0.275945671954733, 0.04604914012826289, 0.6780051879170041], [0.2803518483450766, 0.03775227132521119, 0.6818958803297122], [0.26342243730256454, 0.03277549115901764, 0.7038020715384179], [0.27227978033895067, 0.03930066950392291, 0.6884195501571265], [0.2554251483343361, 0.03807151242479679, 0.7065033392408673], [0.27041075621941757, 0.0417719967072778, 0.6878172470733047], [0.2654040831405251, 0.05754295801658562, 0.6770529588428894], [0.27406394903677256, 0.03377247470486338, 0.6921635762583641], [0.27420947413996416, 0.038041052418684, 0.687749473441352], [0.2516171103853577, 0.05283454608775959, 0.6955483435268827], [0.26003848531828205, 0.04692954367250246, 0.6930319710092155], [0.27658697860896525, 0.04624506820387026, 0.6771679531871644], [0.2806200217580515, 0.044011758168982285, 0.6753682200729662], [0.2592320885422313, 0.049693830250921875, 0.6910740812068468], [0.2715272175320256, 0.05936373336835487, 0.6691090490996194], [0.2801225033717134, 0.06063646899219488, 0.6592410276360917], [0.26392801637951263, 0.050209094689911145, 0.6858628889305762], [0.2705146279255393, 0.03803285399451675, 0.6914525180799439], [0.29236232962255404, 0.041104405382495705, 0.6665332649949502], [0.28367929503322503, 0.03237307534018588, 0.6839476296265892], [0.2690418487256515, 0.05867355357509059, 0.6722845976992577], [0.2739042668232408, 0.05355634542379589, 0.6725393877529632], [0.26577858600496573, 0.045019522913709725, 0.6892018910813246], [0.26543158433352476, 0.039350789432666296, 0.695217626233809], [0.2750098189640357, 0.04025003780721015, 0.6847401432287542], [0.26746492284868034, 0.03877610936029889, 0.6937589677910206], [0.2836063439168759, 0.03295224669827761, 0.6834414093848465], [0.24844265829440135, 0.05111033448704706, 0.7004470072185515], [0.28430162426893996, 0.04287303401216298, 0.6728253417188971], [0.2608152450146814, 0.038533830350663205, 0.7006509246346553], [0.2530886386091704, 0.039003342575655006, 0.7079080188151747], [0.290795286588075, 0.042297336770462206, 0.6669073766414628], [0.2656649833722199, 0.050166117220114465, 0.6841688994076656], [0.27288635364135966, 0.045398579959598305, 0.681715066399042], [0.2704486426355429, 0.045295635651505795, 0.6842557217129512], [0.27328638486009954, 0.038968791845784244, 0.6877448232941162], [0.24575143750944867, 0.03740621597606161, 0.7168423465144896], [0.260360806709216, 0.042667417748494404, 0.6969717755422896], [0.25183857180671854, 0.054893104725056714, 0.6932683234682249], [0.27679608084713714, 0.03869445650338131, 0.6845094626494816], [0.2583438693071141, 0.05001740995745142, 0.6916387207354344], [0.26350718977864834, 0.050917709222576706, 0.6855751009987748], [0.26860968721143047, 0.04813334565839511, 0.6832569671301745], [0.27879435983731543, 0.03692727976259031, 0.6842783604000943], [0.2733627396495424, 0.04642690023104337, 0.6802103601194143], [0.2588535497057706, 0.05811829124012481, 0.6830281590541045], [0.24916324384444516, 0.06247513130965561, 0.6883616248458991], [0.2763353231429534, 0.03337101751986848, 0.6902936593371781], [0.2768847184826478, 0.036230741531107134, 0.686884539986245], [0.28285590398367133, 0.04952470456467081, 0.6676193914516579], [0.27620915892372794, 0.03732959402297226, 0.6864612470532999], [0.28136199811277335, 0.03251772607387011, 0.6861202758133564], [0.2777254511341025, 0.05160432756244935, 0.6706702213034481], [0.2565787122900523, 0.050251920703635884, 0.6931693670063118], [0.26447536137230926, 0.04725846827449854, 0.6882661703531923], [0.27755809447872065, 0.05964929485924508, 0.6627926106620342], [0.2840580709278337, 0.045061742096247956, 0.6708801869759184], [0.25602140344256125, 0.043857650061758124, 0.7001209464956807], [0.26198695337813666, 0.062405792621340134, 0.6756072540005231], [0.27941493351423047, 0.03601262740770471, 0.6845724390780648], [0.25888975025186206, 0.03354956453583401, 0.707560685212304], [0.2913857697594334, 0.03648989763009142, 0.6721243326104752], [0.287054422553618, 0.053338200641427067, 0.6596073768049548], [0.2796414125639052, 0.03732414275565635, 0.6830344446804384], [0.2826941175190719, 0.03843460482225658, 0.6788712776586716], [0.2785879997810818, 0.05084956586596089, 0.6705624343529573], [0.26824632042648167, 0.04871507228498483, 0.6830386072885335], [0.28819788155752807, 0.03504492680085056, 0.6767571916416214], [0.2549018526363928, 0.05144508316501565, 0.6936530641985915], [0.26396912389917326, 0.045414757715950986, 0.6906161183848757], [0.2877920581695485, 0.05570217540942805, 0.6565057664210235], [0.2649409707132472, 0.04654215005139569, 0.6885168792353571], [0.2616367065325918, 0.05775751863466991, 0.6806057748327382], [0.2856035346914256, 0.050688517007754154, 0.6637079483008202], [0.27784640383658926, 0.04697175291108947, 0.6751818432523213], [0.29902635368794667, 0.040470868699511456, 0.6605027776125418], [0.2843062552432715, 0.03456329621955318, 0.6811304485371752], [0.265298350498555, 0.056428593835816325, 0.6782730556656287], [0.2858224494750582, 0.07526301058667664, 0.6389145399382651], [0.27367510395428457, 0.06377078683742816, 0.6625541092082873], [0.2518200625304937, 0.07960931095719542, 0.6685706265123109], [0.10747548298767945, 0.679837499607293, 0.2126870174050275], [0.15893586789735928, 0.6017778942444642, 0.23928623785817657], [0.10458552410042118, 0.6977340192481529, 0.19768045665142575], [0.10627058161666338, 0.5982038851499463, 0.29552553323339037], [0.13798162085487267, 0.6275239811656558, 0.23449439797947155], [0.0739351405796989, 0.7271038307070123, 0.1989610287132886], [0.07458887764037044, 0.7140855898750578, 0.21132553248457173], [0.09827391473559381, 0.6762529192927453, 0.22547316597166084], [0.12746405119104076, 0.6700755048497515, 0.20246044395920765], [0.13386004344733526, 0.5947642993464238, 0.27137565720624085], [0.07571703513872151, 0.7328525573334657, 0.19143040752781276], [0.07561991897843076, 0.7031368225646009, 0.2212432584569683], [0.07297795994615824, 0.7331417903893728, 0.193880249664469], [0.1221329801938049, 0.6355489926914598, 0.24231802711473535], [0.07402312834877009, 0.7251572247283364, 0.20081964692289347], [0.14018395070094994, 0.6232010040921567, 0.23661504520689353], [0.08835271127065425, 0.6788040882626488, 0.23284320046669685], [0.10113571178591195, 0.6514715833206869, 0.24739270489340132], [0.11895058294372961, 0.610711350182325, 0.2703380668739455], [0.1291021529242756, 0.5470077804269291, 0.3238900666487953], [0.15173140581778163, 0.6037796310356334, 0.24448896314658494], [0.10051616422986884, 0.705040817680129, 0.194443018090002], [0.08864780753007366, 0.6572923607587667, 0.25405983171115964], [0.1326503910088817, 0.6213900741489374, 0.24595953484218083], [0.05730275375718075, 0.7052704205345, 0.2374268257083192], [0.08917367975630247, 0.703013422136863, 0.20781289810683443], [0.20638517712151175, 0.42366896472219, 0.3699458581562982], [0.11005827018355359, 0.5854414020082093, 0.30450032780823727], [0.09998199032202702, 0.7058186386315639, 0.19419937104640905], [0.15017370235929253, 0.5943511277278507, 0.2554751699128568], [0.10327154653077204, 0.6986858825767377, 0.19804257089249022], [0.12276923658230478, 0.6805025337984373, 0.19672822961925798], [0.07574597669361365, 0.7182524622283761, 0.20600156107801018], [0.15903479427873965, 0.6730199705089452, 0.16794523521231502], [0.07965382164701379, 0.674235199160932, 0.24611097919205419], [0.1324810707475896, 0.5953999890656946, 0.2721189401867158], [0.1644837333764038, 0.5009734101557858, 0.33454285646781046], [0.12212867330820161, 0.6861402904901511, 0.19173103620164725], [0.19598990210887837, 0.5285706398225325, 0.27543945806858916], [0.09412942031033594, 0.7086060527596031, 0.19726452693006108], [0.10270024106052682, 0.6478179821550015, 0.24948177678447164], [0.12068417245800675, 0.5878800592321961, 0.2914357683097971], [0.10012223072052104, 0.5408845692890368, 0.35899319999044216], [0.12393995920105814, 0.6617998956188091, 0.21426014518013267], [0.1699088306544566, 0.5190632759155797, 0.31102789342996373], [0.12329161374453958, 0.603736894732333, 0.2729714915231272], [0.07130695273534941, 0.7004000654110237, 0.2282929818536268], [0.08072175788330016, 0.7113242342427393, 0.2079540078739605], [0.09653499795559377, 0.6647637009063182, 0.23870130113808796], [0.1164389428555912, 0.6629574378231093, 0.2206036193212994], [0.15356232472035225, 0.5195660352507872, 0.3268716400288606], [0.12296493973507937, 0.6175339264555657, 0.25950113380935497], [0.10449109933248805, 0.6619779561395627, 0.2335309445279492], [0.1840775195710726, 0.5006179504218679, 0.31530453000705955], [0.2199635134467788, 0.24452551799444877, 0.5355109685587724], [0.11122140017091803, 0.6269950501368918, 0.26178354969219], [0.11739363063592603, 0.6876799641497756, 0.19492640521429833], [0.0502871731468874, 0.7759392691814253, 0.1737735576716872], [0.19537573882974862, 0.6710834584024183, 0.1335408027678331], [0.07532407272333731, 0.7203653539736354, 0.2043105733030271], [0.13967087406998246, 0.6486264097419966, 0.21170271618802086], [0.14435004915528077, 0.6389046688881839, 0.21674528195653547], [0.2228282056344437, 0.560731171784096, 0.21644062258146024], [0.20086550621637375, 0.5985582799538242, 0.20057621382980212], [0.2257318740088715, 0.580555302985751, 0.1937128230053774], [0.12798917142609592, 0.7121854203237897, 0.1598254082501145], [0.08179492727676686, 0.7415776466080685, 0.17662742611516472], [0.21255156964063324, 0.504060772544087, 0.28338765781527975], [0.2135186844602613, 0.571066716895725, 0.2154145986440137], [0.17771403232690233, 0.6655695746054251, 0.1567163930676726], [0.24205534187843536, 0.4835288770776474, 0.2744157810439172], [0.21279506421324826, 0.6603513857247801, 0.12685355006197158], [0.27013904907653047, 0.41088082302798745, 0.3189801278954821], [0.11543990673508082, 0.704306059473192, 0.18025403379172716], [0.21949969450171855, 0.543187918724264, 0.23731238677401753], [0.11831687773211061, 0.6333619515810467, 0.24832117068684254], [0.08113779904274616, 0.6989324018858389, 0.21992979907141494], [0.11097800314229292, 0.6234593639181428, 0.26556263293956417], [0.16238748973788594, 0.4897153956541601, 0.34789711460795397], [0.06175326100140526, 0.7438197573658054, 0.1944269816327893], [0.13264274182870053, 0.6629897189308586, 0.20436753924044102], [0.1703402168715055, 0.5001288861572747, 0.32953089697121973], [0.08020056636589865, 0.6966094671076672, 0.22318996652643408], [0.1057416245197102, 0.7024033673070061, 0.1918550081732837], [0.09356156202164614, 0.6243737396147748, 0.2820646983635791], [0.08010268456188882, 0.7012903204566714, 0.2186069949814397], [0.15030858053690965, 0.5781007495114501, 0.2715906699516403], [0.12057844706369462, 0.6464152901386981, 0.23300626279760722], [0.15278985411071208, 0.5798191558372178, 0.26739099005207007], [0.18098453525202285, 0.6103709147297172, 0.20864455001825988], [0.17297731087542162, 0.5717145557546116, 0.2553081333699668], [0.10029590519266447, 0.6672225938769941, 0.23248150093034142], [0.1367363206687996, 0.6520589350941463, 0.21120474423705402], [0.13270408370343614, 0.5803425917928966, 0.2869533245036674], [0.10498685248841624, 0.6738803689959663, 0.22113277851561752], [0.11903835327555824, 0.6038464023565083, 0.27711524436793333], [0.10569371441049932, 0.6755846672199675, 0.21872161836953327], [0.24643477982683382, 0.23006617718774652, 0.5234990429854196], [0.21122886689886863, 0.31577995687982074, 0.4729911762213105], [0.1560508433969206, 0.5502557173476014, 0.29369343925547803], [0.11329535719763538, 0.6492708565669911, 0.23743378623537353], [0.13877694528205503, 0.6996157500128873, 0.16160730470505763], [0.11867177494618418, 0.7330711492249427, 0.14825707582887312], [0.08362087558877915, 0.7403828110451914, 0.17599631336602936], [0.22720938260268442, 0.5240693183796084, 0.2487212990177073], [0.06768916527048663, 0.7553603152790118, 0.1769505194505015], [0.15627618936540116, 0.6493356589982014, 0.1943881516363975], [0.06058411936344196, 0.7575488766138732, 0.181867004022685], [0.17495579101219627, 0.5898702603682252, 0.23517394861957852], [0.1410469921097179, 0.6349189112756496, 0.22403409661463247], [0.2146090309147185, 0.6201617935046934, 0.16522917558058825], [0.24606852760567774, 0.4139366308257773, 0.3399948415685451], [0.04227560253050157, 0.7708514700841876, 0.1868729273853109], [0.1405945252423713, 0.6962661626604406, 0.16313931209718804], [0.14624403136538672, 0.6845125538261608, 0.16924341480845242], [0.09369750509923055, 0.7468904007623818, 0.15941209413838764], [0.14033035488371035, 0.6709943919518585, 0.18867525316443123], [0.17611825695526354, 0.49555732811891534, 0.32832441492582115], [0.15210066943113087, 0.5942677037934705, 0.25363162677539863], [0.1560510276858598, 0.6256229334357811, 0.21832603887835902], [0.14288186597782562, 0.58089536